$ANSIBLE_VAULT;1.1;AES256
30623938396639663334366534363537313266383235653165373530336539333732316434613661
3864353934666132656233346261643062653866343435300a633531356536346335656334376266
30353239666636646534326237383038306332363832616134666465636138393637373339363538
3632613365623333380a303833313663303631653330613164343964353862333338376166383931
35643934356239353737653766333235373734653831356230393837653538346333343731343165
61393030366464623035363266653333363933316664303937333465666630393934306161343162
62373966623631393063383130393935366336346231653631353831343261356133666561636132
37346263366437333339386532306439643061383136366634616130396131373861633431613838
64663361343634383931616432363639303132306336396262616661303437393263663233303531
30313236663465373364383432333139363766306532656462643163343138326564656439333235
33636462386138636161646634343531646331323066633934613265316665613266656665373862
30653038376333636636626634303833626134643661313938626337643166373839633536313563
31376530333932616162333965613937376165363961623264636533383162363139
